99 0 0 1 100.0890 0.0000
0 1 0 0 27.9390 0.2432
99 1 0 0 35.3750 0.1590
299 0 1 0 19.7250 0.0000
0 1 0 0 24.7610 0.2745
199 1 0 0 30.4250 0.1962
299 0 1 0 33.3450 0.0000
299 0 1 0 7.6900 0.0000
199 0 0 1 100.1010 0.0000
99 1 0 0 18.9670 0.2966
50 1 0 0 19.4460 0.3160
0 0 0 1 100.0620 0.0000
0 1 0 0 16.2280 0.4188
299 0 0 1 100.0380 0.0000
0 1 0 0 17.7540 0.3828
50 0 0 1 100.0240 0.0000
150 1 0 0 17.2710 0.3155
250 0 0 1 100.0710 0.0000
250 0 0 1 100.0520 0.0000
250 0 0 1 100.0610 0.0000
250 0 0 1 100.0070 0.0000
0 1 0 0 16.9740 0.4004
0 1 0 0 16.8450 0.4035
0 1 0 0 16.8510 0.4033
10 1 0 0 16.2070 0.3429
12 1 0 0 19.3150 0.3038
14 1 0 0 17.2370 0.3504
16 1 0 0 17.8350 0.3316
14 1 0 0 16.7430 0.3607
14 0 0 1 100.0500 0.0000
14 0 0 1 100.0410 0.0000
20 1 0 0 15.8280 0.3547
100 0 0 1 100.0190 0.0000
3 1 0 0 15.9640 0.3743
30 1 0 0 17.4770 0.3389
250 1 0 0 16.4260 0.3202
299 1 0 0 18.2980 0.2991
199 1 0 0 17.7820 0.3358
299 1 0 0 17.3370 0.3156
290 1 0 0 16.8190 0.3441
270 1 0 0 22.3640 0.2618
260 1 0 0 20.7250 0.2765
250 0 1 0 9.4200 0.0000
250 0 1 0 7.6870 0.0000
240 1 0 0 17.4060 0.3673
230 1 0 0 18.6220 0.3023
210 0 1 0 4.3430 0.0000
210 0 1 0 3.1230 0.0000
210 0 1 0 4.1640 0.0000
210 1 0 0 16.5070 0.3195
299 1 0 0 18.9930 0.2881
299 1 0 0 18.8130 0.2909
250 0 0 1 100.0920 0.0000
250 1 0 0 16.1530 0.3256
250 1 0 0 16.0380 0.3279
240 1 0 0 18.6840 0.3421
220 0 1 0 8.0940 0.0000
220 0 1 0 7.5810 0.0000
210 0 0 1 100.0280 0.0000
210 0 1 0 5.9390 0.0000
200 1 0 0 15.6030 0.3423
200 1 0 0 16.4480 0.3247
200 1 0 0 15.5110 0.3443
210 0 0 1 100.0890 0.0000
210 0 0 1 100.0940 0.0000
210 0 0 1 100.0940 0.0000
220 0 1 0 12.9140 0.0000
220 0 1 0 11.0440 0.0000
220 0 0 1 100.0840 0.0000
0 0 0 1 100.0590 0.0000
210 1 0 0 17.1760 0.3071
210 0 0 1 100.0620 0.0000
210 1 0 0 17.3120 0.3047
210 1 0 0 16.7030 0.3158
210 1 0 0 16.9770 0.3107
210 0 0 1 100.0570 0.0000
210 1 0 0 16.3500 0.3226
210 1 0 0 16.0900 0.3278
210 0 0 1 100.0280 0.0000
210 0 0 1 100.0100 0.0000
20 1 0 0 20.7200 0.2710
30 1 0 0 32.9040 0.1800
30 1 0 0 22.7510 0.2603
300 0 0 1 100.0910 0.0000
36 1 0 0 19.2310 0.2738
36 1 0 0 19.3160 0.2726
36 1 0 0 19.1690 0.2747
36 1 0 0 19.1000 0.2757
36 1 0 0 19.3710 0.2718
86 1 0 0 26.8990 0.2012
84 1 0 0 23.2830 0.2320
84 0 0 1 100.0460 0.0000
80 1 0 0 24.8810 0.2237
80 1 0 0 27.4760 0.2026
80 0 0 1 100.0320 0.0000
80 0 1 0 4.1720 0.0000
80 1 0 0 21.2980 0.2614
80 1 0 0 24.2180 0.2298
80 0 0 1 100.0230 0.0000
10 1 0 0 18.3980 0.3021
99 0 0 1 100.0000 0.0000
199 0 0 1 100.0710 0.0000
99 0 1 0 93.1610 0.0000
99 0 0 1 100.0260 0.0000
199 1 0 0 32.3100 0.1848
199 1 0 0 25.3560 0.2355
299 0 1 0 28.9900 0.0000
299 0 1 0 25.6790 0.0000
299 0 1 0 21.9970 0.0000
299 0 1 0 17.1710 0.0000
299 0 1 0 30.1820 0.0000
299 0 0 1 100.0010 0.0000
299 0 1 0 24.1580 0.0000
199 1 0 0 34.6790 0.1722
299 1 0 0 39.8460 0.1373
299 0 1 0 85.5420 0.0000
299 0 1 0 79.3470 0.0000
299 0 1 0 59.8250 0.0000
299 0 1 0 39.1770 0.0000
299 0 1 0 24.1150 0.0000
299 0 1 0 27.8530 0.0000
299 0 1 0 37.0740 0.0000
299 0 1 0 88.2510 0.0000
299 0 1 0 14.8810 0.0000
299 1 0 0 17.8130 0.3072
199 0 1 0 8.6630 0.0000
199 0 0 1 100.0170 0.0000
199 1 0 0 16.6420 0.3588
299 0 0 1 100.0150 0.0000
299 0 1 0 14.1260 0.0000
299 0 1 0 8.9080 0.0000
299 0 1 0 13.3470 0.0000
299 0 1 0 8.9190 0.0000
299 0 1 0 12.1930 0.0000
299 0 1 0 36.5210 0.0000
299 1 0 0 17.6000 0.3109
298 1 0 0 17.6620 0.3248
297 0 0 1 100.0170 0.0000
297 1 0 0 17.8350 0.3420
296 0 1 0 6.7600 0.0000
296 0 1 0 6.9020 0.0000
296 0 1 0 6.6980 0.0000
296 0 1 0 6.8610 0.0000
296 0 0 1 100.0090 0.0000
295 1 0 0 16.6770 0.3359
294 0 0 1 100.0000 0.0000
294 0 0 1 100.0400 0.0000
294 1 0 0 19.6150 0.2990
294 1 0 0 18.5990 0.3154
293 1 0 0 18.5080 0.3069
292 0 0 1 100.0000 0.0000
292 1 0 0 17.4810 0.3417
291 1 0 0 15.6380 0.3871
290 0 0 1 100.0530 0.0000
299 0 1 0 11.2710 0.0000
299 0 0 1 100.0490 0.0000
290 1 0 0 17.7510 0.3260
299 1 0 0 18.8800 0.2898
299 0 0 1 100.0050 0.0000
0 0 0 1 100.0160 0.0000
0 1 0 0 16.8780 0.4027
1 1 0 0 19.8830 0.3126
99 1 0 0 16.4060 0.3429
299 0 1 0 8.3400 0.0000
299 0 0 1 100.0940 0.0000
199 0 0 1 100.0580 0.0000
99 0 0 1 100.0700 0.0000
80 1 0 0 17.8390 0.3120
60 1 0 0 15.8820 0.3443
40 1 0 0 16.9530 0.3216
20 0 0 1 100.0940 0.0000
120 0 0 1 100.0590 0.0000
120 1 0 0 16.9410 0.3379
140 1 0 0 16.6250 0.3269
160 0 0 1 100.0210 0.0000
180 1 0 0 16.9520 0.3350
200 1 0 0 15.9010 0.3359
220 1 0 0 18.1850 0.3108
240 1 0 0 17.7320 0.3605
260 0 1 0 10.9050 0.0000
260 1 0 0 18.7290 0.3060
280 1 0 0 16.5590 0.3860
299 1 0 0 17.1690 0.3187
5 1 0 0 15.3940 0.3852
15 1 0 0 16.4870 0.3501
25 1 0 0 15.7220 0.3794
205 1 0 0 16.5890 0.3344
299 0 0 1 100.0210 0.0000
299 1 0 0 19.8040 0.2763
201 1 0 0 16.7950 0.4018
202 1 0 0 16.4360 0.3176
203 1 0 0 18.0160 0.3134
204 1 0 0 16.6400 0.4109
205 1 0 0 17.4010 0.3188
206 1 0 0 16.0540 0.3580
207 0 0 1 100.0780 0.0000
207 0 0 1 100.0050 0.0000
207 1 0 0 18.4740 0.2981
208 1 0 0 63.1820 0.1250
209 1 0 0 27.0910 0.2124
299 1 0 0 77.4810 0.1250
299 1 0 0 19.1570 0.2857
299 1 0 0 52.9470 0.1250
299 0 0 1 100.0850 0.0000
299 0 1 0 44.0190 0.0000
299 1 0 0 21.8890 0.2500
299 1 0 0 55.5230 0.1250
299 1 0 0 68.5500 0.1250
206 1 0 0 17.5970 0.3266
206 1 0 0 16.0010 0.3592
206 1 0 0 41.6930 0.1379
206 1 0 0 16.2210 0.3543
101 0 0 1 100.0720 0.0000
299 0 0 1 100.0290 0.0000
299 1 0 0 17.9430 0.3050
299 0 1 0 6.8470 0.0000
0 1 0 0 16.4080 0.4142
0 1 0 0 16.5880 0.4097
0 1 0 0 16.3990 0.4144
0 1 0 0 16.5760 0.4100
0 0 0 1 100.0620 0.0000
0 0 1 0 9.0810 0.0000
1 1 0 0 18.6880 0.3326
299 1 0 0 17.3720 0.3150
206 1 0 0 15.7860 0.3641
207 1 0 0 17.5440 0.3139
208 0 1 0 5.9260 0.0000
208 1 0 0 17.1990 0.3426
209 1 0 0 17.8240 0.3228
210 1 0 0 38.9880 0.1353
210 1 0 0 17.6220 0.2993
211 1 0 0 16.0380 0.3270
212 1 0 0 15.9750 0.3472
213 1 0 0 15.9610 0.3310
214 1 0 0 17.2050 0.3461
216 1 0 0 17.3280 0.3228
218 1 0 0 20.8310 0.2683
219 1 0 0 17.4560 0.3504
220 1 0 0 16.6550 0.3394
222 1 0 0 16.1410 0.3428
